1 406
2 201
3 202
4 202
5 201
6 204
7 204
8 203
9 205
10 205
11 202
12 205
13 203
14 203
15 204
16 203
17 206
18 206
19 205
20 204
21 205
22 203
23 207
24 201
25 204
26 202
27 205
28 205
29 205
30 204
31 205
32 203
33 202
34 201
35 205
36 202
37 206
38 206
39 205
40 205
41 205
42 203
43 202
44 203
45 201
46 201
47 202
48 205
49 203
50 202
51 200
52 205
53 201
54 202
55 206
56 204
57 203
58 201
59 206
60 206
61 205
62 206
63 201
64 203
65 206
66 205
67 202
68 204
69 207
70 206
71 206
72 205
73 204
74 204
75 203
76 205
77 205
78 205
79 205
80 205
81 206
82 205
83 204
84 205
85 202
86 206
87 205
88 205
89 204
90 203
91 206
92 205
93 204
94 204
95 203
96 207
97 205
98 204
99 204
100 204
